342.5 287.5
834.0 233.0
1810.0 1010.0
1671.0 854.0
215.0 583.0
229.0 866.0
1567.0 519.0
1257.0 277.0
799.0 284.0
1348.0 698.0
418.0 754.0
1014.0 628.0
667.0 1038.0
1217.0 431.0
1018.0 228.0
1693.0 804.0
0.09646446609406728 0.0 0.0
342.9823223304703 287.9823223304703
834.0 233.0
1810.0 1010.0
1671.0 854.0
215.0 583.0
229.0 866.0
1567.0 519.0
1257.0 277.0
799.0 284.0
1348.0 698.0
418.0 754.0
1014.0 628.0
667.0 1038.0
1217.0 431.0
1018.0 228.0
1693.0 804.0
0.09292893218813454 0.0 0.0
343.446966991411 288.446966991411
834.0 233.0
1810.0 1010.0
1671.0 854.0
215.0 583.0
229.0 866.0
1567.0 519.0
1257.0 277.0
799.0 284.0
1348.0 698.0
418.0 754.0
1014.0 628.0
667.0 1038.0
1217.0 431.0
1018.0 228.0
1693.0 804.0
0.0893933982822018 0.0 0.0
343.893933982822 288.893933982822
834.0 233.0
1810.0 1010.0
1671.0 854.0
215.0 583.0
229.0 866.0
1567.0 519.0
1257.0 277.0
799.0 284.0
1348.0 698.0
418.0 754.0
1014.0 628.0
667.0 1038.0
1217.0 431.0
1018.0 228.0
1693.0 804.0
0.08585786437626906 0.0 0.0
344.32322330470333 289.32322330470333
834.0 233.0
1810.0 1010.0
1671.0 854.0
215.0 583.0
229.0 866.0
1567.0 519.0
1257.0 277.0
799.0 284.0
1348.0 698.0
418.0 754.0
1014.0 628.0
667.0 1038.0
1217.0 431.0
1018.0 228.0
1693.0 804.0
0.08232233047033632 0.0 0.0
344.734834957055 289.734834957055
834.0 233.0
1810.0 1010.0
1671.0 854.0
215.0 583.0
229.0 866.0
1567.0 519.0
1257.0 277.0
799.0 284.0
1348.0 698.0
418.0 754.0
1014.0 628.0
667.0 1038.0
1217.0 431.0
1018.0 228.0
1693.0 804.0
0.07878679656440359 0.0 0.0
345.12876893987703 290.12876893987703
834.0 233.0
1810.0 1010.0
1671.0 854.0
215.0 583.0
229.0 866.0
1567.0 519.0
1257.0 277.0
799.0 284.0
1348.0 698.0
418.0 754.0
1014.0 628.0
667.0 1038.0
1217.0 431.0
1018.0 228.0
1693.0 804.0
0.07525126265847083 0.0 0.0
345.5050252531694 290.5050252531694
834.0 233.0
1810.0 1010.0
1671.0 854.0
215.0 583.0
229.0 866.0
1567.0 519.0
1257.0 277.0
799.0 284.0
1348.0 698.0
418.0 754.0
1014.0 628.0
667.0 1038.0
1217.0 431.0
1018.0 228.0
1693.0 804.0
0.0717157287525381 0.0 0.0
345.8636038969321 290.8636038969321
834.0 233.0
1810.0 1010.0
1671.0 854.0
215.0 583.0
229.0 866.0
1567.0 519.0
1257.0 277.0
799.0 284.0
1348.0 698.0
418.0 754.0
1014.0 628.0
667.0 1038.0
1217.0 431.0
1018.0 228.0
1693.0 804.0
0.06818019484660535 0.0 0.0
346.2045048711651 291.2045048711651
834.0 233.0
1810.0 1010.0
1671.0 854.0
215.0 583.0
229.0 866.0
1567.0 519.0
1257.0 277.0
799.0 284.0
1348.0 698.0
418.0 754.0
1014.0 628.0
667.0 1038.0
1217.0 431.0
1018.0 228.0
1693.0 804.0
0.06464466094067262 0.0 0.0
346.5277281758685 291.5277281758685
834.0 233.0
1810.0 1010.0
1671.0 854.0
215.0 583.0
229.0 866.0
1567.0 519.0
1257.0 277.0
799.0 284.0
1348.0 698.0
418.0 754.0
1014.0 628.0
667.0 1038.0
1217.0 431.0
1018.0 228.0
1693.0 804.0
0.06110912703473988 0.0 0.0
346.8332738110422 291.8332738110422
834.0 233.0
1810.0 1010.0
1671.0 854.0
215.0 583.0
229.0 866.0
1567.0 519.0
1257.0 277.0
799.0 284.0
1348.0 698.0
418.0 754.0
1014.0 628.0
667.0 1038.0
1217.0 431.0
1018.0 228.0
1693.0 804.0
0.05757359312880713 0.0 0.0
347.1211417766862 292.1211417766862
834.0 233.0
1810.0 1010.0
1671.0 854.0
215.0 583.0
229.0 866.0
1567.0 519.0
1257.0 277.0
799.0 284.0
1348.0 698.0
418.0 754.0
1014.0 628.0
667.0 1038.0
1217.0 431.0
1018.0 228.0
1693.0 804.0
0.05403805922287439 0.0 0.0
347.3913320728006 292.3913320728006
834.0 233.0
1810.0 1010.0
1671.0 854.0
215.0 583.0
229.0 866.0
1567.0 519.0
1257.0 277.0
799.0 284.0
1348.0 698.0
418.0 754.0
1014.0 628.0
667.0 1038.0
1217.0 431.0
1018.0 228.0
1693.0 804.0
0.05050252531694165 0.0 0.0
347.6438446993853 292.6438446993853
834.0 233.0
1810.0 1010.0
1671.0 854.0
215.0 583.0
229.0 866.0
1567.0 519.0
1257.0 277.0
799.0 284.0
1348.0 698.0
418.0 754.0
1014.0 628.0
667.0 1038.0
1217.0 431.0
1018.0 228.0
1693.0 804.0
0.04696699141100891 0.0 0.0
347.87867965644034 292.87867965644034
834.0 233.0
1810.0 1010.0
1671.0 854.0
215.0 583.0
229.0 866.0
1567.0 519.0
1257.0 277.0
799.0 284.0
1348.0 698.0
418.0 754.0
1014.0 628.0
667.0 1038.0
1217.0 431.0
1018.0 228.0
1693.0 804.0
0.043431457505076175 0.0 0.0
348.0958369439657 293.0958369439657
834.0 233.0
1810.0 1010.0
1671.0 854.0
215.0 583.0
229.0 866.0
1567.0 519.0
1257.0 277.0
799.0 284.0
1348.0 698.0
418.0 754.0
1014.0 628.0
667.0 1038.0
1217.0 431.0
1018.0 228.0
1693.0 804.0
0.039895923599143436 0.0 0.0
348.29531656196144 293.29531656196144
834.0 233.0
1810.0 1010.0
1671.0 854.0
215.0 583.0
229.0 866.0
1567.0 519.0
1257.0 277.0
799.0 284.0
1348.0 698.0
418.0 754.0
1014.0 628.0
667.0 1038.0
1217.0 431.0
1018.0 228.0
1693.0 804.0
0.036360389693210704 0.0 0.0
348.4771185104275 293.4771185104275
834.0 233.0
1810.0 1010.0
1671.0 854.0
215.0 583.0
229.0 866.0
1567.0 519.0
1257.0 277.0
799.0 284.0
1348.0 698.0
418.0 754.0
1014.0 628.0
667.0 1038.0
1217.0 431.0
1018.0 228.0
1693.0 804.0
0.032824855787277965 0.0 0.0
348.6412427893639 293.6412427893639
834.0 233.0
1810.0 1010.0
1671.0 854.0
215.0 583.0
229.0 866.0
1567.0 519.0
1257.0 277.0
799.0 284.0
1348.0 698.0
418.0 754.0
1014.0 628.0
667.0 1038.0
1217.0 431.0
1018.0 228.0
1693.0 804.0
0.02928932188134523 0.0 0.0
348.7876893987706 293.7876893987706
834.0 233.0
1810.0 1010.0
1671.0 854.0
215.0 583.0
229.0 866.0
1567.0 519.0
1257.0 277.0
799.0 284.0
1348.0 698.0
418.0 754.0
1014.0 628.0
667.0 1038.0
1217.0 431.0
1018.0 228.0
1693.0 804.0
0.025753787975412494 0.0 0.0
348.9164583386477 293.9164583386477
834.0 233.0
1810.0 1010.0
1671.0 854.0
215.0 583.0
229.0 866.0
1567.0 519.0
1257.0 277.0
799.0 284.0
1348.0 698.0
418.0 754.0
1014.0 628.0
667.0 1038.0
1217.0 431.0
1018.0 228.0
1693.0 804.0
0.02221825406947976 0.0 0.0
349.0275496089951 294.0275496089951
834.0 233.0
1810.0 1010.0
1671.0 854.0
215.0 583.0
229.0 866.0
1567.0 519.0
1257.0 277.0
799.0 284.0
1348.0 698.0
418.0 754.0
1014.0 628.0
667.0 1038.0
1217.0 431.0
1018.0 228.0
1693.0 804.0
0.01868272016354702 0.0 0.0
349.1209632098128 294.1209632098128
834.0 233.0
1810.0 1010.0
1671.0 854.0
215.0 583.0
229.0 866.0
1567.0 519.0
1257.0 277.0
799.0 284.0
1348.0 698.0
418.0 754.0
1014.0 628.0
667.0 1038.0
1217.0 431.0
1018.0 228.0
1693.0 804.0
0.01514718625761428 0.0 0.0
349.1966991411009 294.1966991411009
834.0 233.0
1810.0 1010.0
1671.0 854.0
215.0 583.0
229.0 866.0
1567.0 519.0
1257.0 277.0
799.0 284.0
1348.0 698.0
418.0 754.0
1014.0 628.0
667.0 1038.0
1217.0 431.0
1018.0 228.0
1693.0 804.0
0.011611652351681542 0.0 0.0
349.2547574028593 294.2547574028593
834.0 233.0
1810.0 1010.0
1671.0 854.0
215.0 583.0
229.0 866.0
1567.0 519.0
1257.0 277.0
799.0 284.0
1348.0 698.0
418.0 754.0
1014.0 628.0
667.0 1038.0
1217.0 431.0
1018.0 228.0
1693.0 804.0
0.008076118445748804 0.0 0.0
349.29513799508806 294.29513799508806
834.0 233.0
1810.0 1010.0
1671.0 854.0
215.0 583.0
229.0 866.0
1567.0 519.0
1257.0 277.0
799.0 284.0
1348.0 698.0
418.0 754.0
1014.0 628.0
667.0 1038.0
1217.0 431.0
1018.0 228.0
1693.0 804.0
0.004540584539816065 0.0 0.0
349.3178409177871 294.3178409177871
834.0 233.0
1810.0 1010.0
1671.0 854.0
215.0 583.0
229.0 866.0
1567.0 519.0
1257.0 277.0
799.0 284.0
1348.0 698.0
418.0 754.0
1014.0 628.0
667.0 1038.0
1217.0 431.0
1018.0 228.0
1693.0 804.0
0.0010050506338833277 0.0 0.0
349.32286617095656 294.32286617095656
834.0 233.0
1810.0 1010.0
1671.0 854.0
215.0 583.0
229.0 866.0
1567.0 519.0
1257.0 277.0
799.0 284.0
1348.0 698.0
418.0 754.0
1014.0 628.0
667.0 1038.0
1217.0 431.0
1018.0 228.0
1693.0 804.0
0.0 0.0 0.0
